q1 = 16.69130144938127
q2 = 18.38099057415065
q3 = 20.138626380687754
q4 = 22.69956856879639