q1 = 5.550790197879548
q2 = 10.97651487012153
q3 = 13.48060603592695
q4 = 14.610253737017041