q1 = 10.774258126053029
q2 = 11.927978874616064
q3 = 14.348081516102956
q4 = 20.762711332654586