q1 = 10.383864853789571
q2 = 11.852234473897438
q3 = 13.053342058503794
q4 = 15.03094891875285