q1 = 24.336390357590275
q2 = 16.35233160504996
q3 = 12.131789858007346
q4 = 8.786286563263282