q1 = 22.60627376019022
q2 = 20.18904399726786
q3 = 16.146845668187005
q4 = 7.484712788781624