q1 = 15.77749573826323
q2 = 16.399451555740438
q3 = 16.839201287300742
q4 = 18.664723452366886