q1 = 28.358123522615063
q2 = 26.77653673240015
q3 = 26.07407992800214
q4 = 17.099089219518923