q1 = 8.159102368350155
q2 = 8.371530335448211
q3 = 9.627050945804651
q4 = 10.01151775332168