q1 = 23.439877246888354
q2 = 23.23447609766161
q3 = 21.948859172556876
q4 = 21.508642118063293