q1 = 6.948682811639751
q2 = 8.509447953777446
q3 = 9.35937021136083
q4 = 9.893084246846833