q1 = 27.357170094149172
q2 = 21.960297796388843
q3 = 6.360780638735925
q4 = 4.270316099475617