q1 = 27.545470084697005
q2 = 27.158994865835915
q3 = 27.09895334401968
q4 = 27.08695052060765