q1 = 7.629121920389593
q2 = 9.731525166578383
q3 = 10.486197625346144
q4 = 14.237147333591722