q1 = 2.5909656234434815
q2 = 4.828941951416237
q3 = 13.750306511145034
q4 = 19.51585273488193