q1 = 7.208642307727124
q2 = 8.331420120033037
q3 = 10.467488595689652
q4 = 12.952874138604392