q1 = 28.23580302410758
q2 = 18.72736354487937
q3 = 16.929798090175204
q4 = 14.715824432072708