q1 = 13.137682459081987
q2 = 12.934553329003716
q3 = 12.630283257664255
q4 = 11.608203876598258