q1 = 20.072722429244305
q2 = 18.630702461202684
q3 = 17.888985088460046
q4 = 17.776570393994916