q1 = 19.195522456238983
q2 = 15.868395784052819
q3 = 15.174117767725424
q4 = 13.907144725003747