q1 = 4.514625814510519
q2 = 10.652439013521041
q3 = 10.80843120814173
q4 = 10.8656070847297