q1 = 15.128839594509913
q2 = 13.760852462979253
q3 = 10.604156564228902
q4 = 3.1375164152774953