q1 = 26.293921010654888
q2 = 26.267680478460555
q3 = 26.066164010182934
q4 = 24.903619294902306