q1 = 17.476874492710923
q2 = 7.027336430065674
q3 = 2.809360196415623
q4 = 2.3316721076704567