q1 = 5.7977646412490875
q2 = 5.997747775198806
q3 = 6.239955903689224
q4 = 25.648018196818885