q1 = 22.25625969358488
q2 = 19.24883323935508
q3 = 8.965368017623868
q4 = 5.071955066830838