q1 = 13.877980127150646
q2 = 13.201271199878784
q3 = 12.943085143628567
q4 = 12.110419949735526