q1 = 5.219654404008756
q2 = 11.663482458774702
q3 = 20.813392215646005
q4 = 25.20585796390661