q1 = 14.106308641680512
q2 = 14.66232089134519
q3 = 15.516519858120581
q4 = 23.05090078348527