q1 = 7.7893550968961796
q2 = 7.817922050163579
q3 = 8.51137584535614
q4 = 9.15063116062664