q1 = 11.4522425237042
q2 = 17.096302207009476
q3 = 17.868644174835417
q4 = 22.061288233094384