q1 = 20.687943318833117
q2 = 21.822402751176597
q3 = 22.362121472080105
q4 = 23.851600095138423