q1 = 21.47361480153864
q2 = 18.580983483752764
q3 = 16.94277780338626
q4 = 10.544151090369574