q1 = 14.865510475798516
q2 = 9.08301516676621
q3 = 6.626890614012796
q4 = 1.9541979657276543