q1 = 26.5249587258813
q2 = 20.381100919264732
q3 = 18.67415260635623
q4 = 18.171176928600755