q1 = 15.306543977276881
q2 = 18.96972942040726
q3 = 19.798348404448596
q4 = 20.520760556282475