q1 = 10.052331516316631
q2 = 14.348467167204367
q3 = 18.28877276445889
q4 = 19.116353963494756