q1 = 20.261755225730603
q2 = 21.55897128288299
q3 = 25.568401938835922
q4 = 27.967030650847594