q1 = 11.834390663916697
q2 = 11.899088692157495
q3 = 11.980358528915604
q4 = 12.001187349937405