q1 = 24.002283728229816
q2 = 20.73861118448209
q3 = 14.314120730940036
q4 = 9.478747481552407