q1 = 16.064348812419922
q2 = 9.785655968549808
q3 = 7.582618806747103
q4 = 6.340173185563166