q1 = 9.498443897578401
q2 = 12.086158683190018
q3 = 18.90067205970457
q4 = 19.622406281856808