q1 = 14.483300815820698
q2 = 14.232971939771096
q3 = 8.974266023321931
q4 = 2.5632153373258197