q1 = 16.56322277863977
q2 = 17.78075570315496
q3 = 19.985453450122527
q4 = 22.972835744079205