q1 = 29.100658212013066
q2 = 27.158952177150656
q3 = 25.22353930709677
q4 = 20.37060925853672