q1 = 8.951612596837798
q2 = 9.218040090768419
q3 = 10.632834540298857
q4 = 19.877300405860893