q1 = 8.809847697329237
q2 = 7.901767001219481
q3 = 7.822366269927067
q4 = 5.910218277748211