q1 = 9.72022821458056
q2 = 12.08175152092602
q3 = 20.671228179848708
q4 = 26.47023922810565