q1 = 22.82953313503881
q2 = 16.949888939838957
q3 = 15.824088921117678
q4 = 4.13312955861445