q1 = 21.828187122312368
q2 = 20.281702141920682
q3 = 19.082674257264706
q4 = 17.894764919744333